0.016  4959.717
0.017  17884.36
0.018  49890.97
0.019  114720.1
0.020  226330.2
0.021  393882.8
0.022  627728.6
0.023  921182.2
0.024  1.273960e+6
0.025  1.662940e+6
0.026  2.089671e+6
0.027  2.518165e+6
0.028  2.979565e+6
0.029  3.399305e+6
0.030  3.808666e+6
0.031  4.188944e+6
0.032  4.541341e+6
0.033  4.860673e+6
0.034  5.151058e+6
0.035  5.398294e+6
0.036  5.607485e+6
0.037  5.785589e+6
0.038  5.935761e+6
0.039  6.050674e+6
0.040  6.140441e+6
0.041  6.204584e+6
0.042  6.252013e+6
0.043  6.274026e+6
0.044  6.281947e+6
0.045  6.269342e+6
0.046  6.245789e+6
0.047  6.207517e+6
0.048  6.161847e+6
0.049  6.106213e+6
0.050  6.041127e+6
0.051  5.970269e+6
0.052  5.888886e+6
0.053  5.807944e+6
0.054  5.722251e+6
0.055  5.638860e+6
0.056  5.542092e+6
0.057  5.448918e+6
0.058  2.416743e+7
0.059  3.819310e+7
0.060  5.165591e+6
0.061  5.069790e+6
0.062  4.970581e+6
0.063  4.872472e+6
0.064  4.780807e+6
0.065  4.681149e+6
0.066  4.587679e+6
0.067  1.571947e+7
0.068  4.400454e+6
0.069  7.255424e+6
0.070  3.788710e+6
0.071  3.721298e+6
0.072  3.654982e+6
0.073  3.592452e+6
0.074  3.528474e+6
0.075  3.464680e+6
0.076  3.399973e+6
0.077  3.337300e+6
0.078  3.274336e+6
0.079  3.211413e+6
0.080  3.149629e+6
0.081  3.088152e+6
0.082  3.028127e+6
0.083  2.968275e+6
0.084  2.908925e+6
0.085  2.849748e+6
0.086  2.792021e+6
0.087  2.735986e+6
0.088  2.679178e+6
0.089  2.623287e+6
0.090  2.569620e+6
0.091  2.514949e+6
0.092  2.462189e+6
0.093  2.410369e+6
0.094  2.358200e+6
0.095  2.307931e+6
0.096  2.257870e+6
0.097  2.208394e+6
0.098  2.160111e+6
0.099  2.112557e+6
0.100  2.066169e+6
0.101  2.019635e+6
0.102  1.974282e+6
0.103  1.929498e+6
0.104  1.885570e+6
0.105  1.842107e+6
0.106  1.799785e+6
0.107  1.757322e+6
0.108  1.715785e+6
0.109  1.675503e+6
0.110  1.635087e+6
0.111  1.595744e+6
0.112  1.557011e+6
0.113  1.518560e+6
0.114  1.480362e+6
0.115  1.443480e+6
0.116  1.406850e+6
0.117  1.370450e+6
0.118  1.334818e+6
0.119  1.299881e+6
0.120  1.265084e+6
0.121  1.230719e+6
0.122  1.197344e+6
0.123  1.163746e+6
0.124  1.130743e+6
0.125  1.098873e+6
0.126  1.066285e+6
0.127  1.034647e+6
0.128  1.003918e+6
0.129  972679.5
0.130  942141.1
0.131  911914.2
0.132  882298.7
0.133  852232.8
0.134  823115.3
0.135  794036.6
0.136  765030.9
0.137  736457.3
0.138  708502.8
0.139  679739.1
0.140  651983.1
0.141  624562.8
0.142  596258.4
0.143  568560
0.144  541716
0.145  513661.7
0.146  485975
0.147  459168.8
0.148  431381.6
0.149  403659.6
0.150  376478.5
0.151  347789
0.152  317711.7
0.153  288387.3
0.154  259651.7
0.155  230633.4
0.156  202306.9
0.157  169007.8
0.158  111317.1
0.159  55001.87
0.160  0
